x   y   depth
(nan, nan, 0.0, nan)
(5.5439169305525695, 1.6781586384375349, 9.062, 9.061082716210024)
(5.280794635110175, 1.5497984255214647, 8.679, 8.677938433867805)
(5.385465999120856, 1.702971680803082, 8.803, 8.802107516157706)
(1.366739266201939, 0.4482316948296682, 2.225, 2.221814704695241)
(1.3703007237651306, 0.4652479910926704, 2.201, 2.198060499167391)
(nan, nan, 0.0, nan)
(1.4002566219289259, 0.5145299923098414, 2.225, 2.222530677853514)
(4.274143045628521, 1.6055718694718535, 6.698, 6.696175893000422)
(5.719918991447914, 2.2122841900765464, 8.803, 8.801616313723292)
(1.3084525677551295, 0.5449166553992684, 1.975, 1.973234572472315)
(1.2166406732312967, 0.5497413412378451, 1.818, 1.816654808707477)
(1.5095295765315844, 0.7770731071307909, 2.249, 2.2484368681375067)
(1.6583447723051405, 0.940553751456647, 2.495, 2.494674442487436)
(1.6688634897074883, 0.9728048482717017, 2.536, 2.5357290513775324)
(1.695163308066002, 0.9971548870976484, 2.622, 2.6218020028217235)
(1.65943267038, 0.9500896895180829, 2.6, 2.599785015342615)
(1.5650543772106593, 0.8721917622996905, 2.465, 2.4646957260481464)
(1.5345301152247386, 0.8312038124134002, 2.417, 2.4166251802875847)
(1.4670960340356256, 0.7639541524382402, 2.299, 2.298456787934026)
(1.506675965923083, 0.7552745844601575, 2.343, 2.3422614145308374)
(3.964043602705765, 1.926545364164888, 6.101, 6.099735135069391)
(1.5827433291408028, 0.738087288152943, 2.388, 2.386883509097166)
(5.474576979165806, 1.434339168541441, 6.626, 6.621336618991667)
(5.225822910435259, 1.3090530550990904, 6.288, 6.282779359328163)
(3.952083044161044, 0.9391088421768817, 4.74, 4.732599880615305)
(2.0651651281378802, 0.47121823360288945, 2.485, 2.4779318130247248)
(1.9762838540781222, 0.4195681991792839, 2.379, 2.3712857470157407)
(1.8232501658639586, 0.36028296690724926, 2.209, 2.200764848410661)
(1.7519229418899576, 0.3278246148808171, 2.14, 2.13168837075216)
(1.7202683604222586, 0.30930077591430505, 2.11, 2.101629266545363)
(nan, nan, 0.0, nan)
(nan, nan, 0.0, nan)
(nan, nan, 0.0, nan)
(4.68270041306762, 0.6376848123486392, 5.759, 5.755676492472453)
(5.309676477403754, 0.6176562432898245, 6.556, 6.552953478699509)
(5.573630502472918, 0.5951309776767798, 6.924, 6.921087149718605)
(5.314044645150846, 0.5092626118269561, 6.698, 6.694976642677703)
(6.216519469977516, 0.7966548060265305, 7.9, 7.897787608564818)
(0.5953578970400544, 0.19801838151003998, 0.793, 0.7878200390952238)
(5.852479531025736, 3.1613840323844378, 7.9, 7.899998234809929)
(nan, nan, 0.0, nan)
