x   y   depth
(1.10824853515625, -2.912330810546875, 0.12274147033691406)
(1.1082508544921874, -2.91231884765625, 0.12273622131347656)
(1.1082235107421874, -2.9122666015625, 0.12270600891113281)
(1.10823095703125, -2.912300537109375, 0.12275738525390625)
(1.108229248046875, -2.912277587890625, 0.12275871276855468)
(1.1082286376953125, -2.912295654296875, 0.1227545394897461)
(1.10825439453125, -2.912321533203125, 0.12276426696777344)
(1.1082288818359376, -2.912330810546875, 0.12272766876220703)
(1.10820849609375, -2.912298828125, 0.12270942687988282)
(1.1082515869140626, -2.912288330078125, 0.12270624542236327)
(1.1082491455078125, -2.91230615234375, 0.12273374176025391)
(1.1082271728515625, -2.912287841796875, 0.12274136352539063)
(1.10823974609375, -2.91229248046875, 0.12275102996826172)
(1.108241943359375, -2.91230517578125, 0.12272845458984374)
(1.1082252197265625, -2.912307861328125, 0.1227366943359375)
(1.10822119140625, -2.912306396484375, 0.12273097991943359)
(1.108226806640625, -2.912302001953125, 0.12271720123291016)
(1.10822802734375, -2.912320068359375, 0.12274888610839843)
(1.1082276611328126, -2.91231494140625, 0.12274273681640625)
(1.1082413330078125, -2.9123203125, 0.12273310089111328)
(1.1082421875, -2.91228857421875, 0.12272909545898437)
(1.108219482421875, -2.912296630859375, 0.1227298126220703)
(1.1082252197265625, -2.912319091796875, 0.12273542022705078)
(0.9867929077148437, -0.42205780029296874, 1.1242554931640625)
(0.9907525024414062, -0.3984781494140625, 1.1218843994140626)
(0.9937399291992187, -0.24809649658203126, 1.100712646484375)
(0.9925596313476562, -0.19463990783691407, 1.098011474609375)
(0.9965764770507812, -0.1298053741455078, 1.1015203857421876)
(1.0135083618164062, -0.04035227966308594, 1.1063013916015625)
(1.0212304077148437, 0.0006506490707397461, 1.105891357421875)
(1.038638427734375, 0.09283601379394531, 1.098694091796875)
(1.0524979248046875, 0.1592583770751953, 1.0954583740234376)
(1.0681171875, 0.23474217224121094, 1.099646728515625)
(1.0794957275390624, 0.3127197570800781, 1.111477783203125)
(1.0857239990234375, 0.3791492919921875, 1.1209852294921876)
(1.08720556640625, 0.4635195007324219, 1.124682861328125)
(1.08166162109375, 0.5290443725585937, 1.1221593017578124)
(1.0737716064453124, 0.5979923095703125, 1.11591796875)
(1.06599365234375, 0.6922469482421875, 1.1123421630859376)
(1.0662530517578126, 0.7292091064453124, 1.113568603515625)
(1.07152685546875, 0.790733154296875, 1.1166502685546875)
(1.0887044677734374, 0.890755615234375, 1.114839111328125)
