x   y   depth
(-1.65, 0.38, 2.75)
(-1.82, 0.92, 3.38)
(0.24, 0.63, 2.14)
(0.14, 0.79, 2.32)
(0.2, 0.72, 2.49)
(0.15, 0.82, 2.85)
(0.04, 0.8, 2.94)
(0.03, 0.78, 2.86)
(-0.29, 0.45, 5.36)
(-0.27, 1.13, 4.91)
(-0.12, 0.8, 2.71)
(-0.11, 0.73, 2.43)
(-0.14, 0.63, 2.01)
(-0.13, 0.6, 1.88)
(-0.12, 0.59, 1.8)
(-0.1, 0.52, 1.58)
(-0.1, 0.51, 1.51)
(-0.1, 0.48, 1.42)
(-0.09, 0.46, 1.29)
(-0.1, 0.45, 1.23)
(-0.1, 0.43, 1.15)
(-0.1, 0.41, 1.08)
(-0.09, 0.39, 1.02)
(-0.08, 0.38, 0.99)
(-0.07, 0.38, 0.95)
(-0.06, 0.38, 0.92)
(-0.06, 0.38, 0.92)
(-0.07, 0.4, 0.93)
(-0.08, 0.41, 0.99)
(-0.12, 0.39, 1.08)
(-0.14, 0.4, 1.15)
(-0.16, 0.4, 1.16)
(-0.16, 0.43, 1.22)
(-0.15, 0.46, 1.24)
(-0.13, 0.5, 1.23)
(-0.13, 0.52, 1.22)
(-0.12, 0.55, 1.24)
(-0.11, 0.56, 1.21)
(-0.11, 0.59, 1.21)
(-0.11, 0.62, 1.21)
(-0.11, 0.61, 1.18)
(-0.12, 0.61, 1.23)
(-0.13, 0.58, 1.2)
(-0.13, 0.57, 1.2)
(-0.13, 0.55, 1.19)
(-0.14, 0.54, 1.24)
(-0.14, 0.51, 1.21)
(-0.14, 0.49, 1.2)
(-0.14, 0.48, 1.22)
(-0.15, 0.46, 1.22)
(-0.15, 0.44, 1.2)
(-0.15, 0.42, 1.2)
(-0.15, 0.4, 1.21)
(-0.15, 0.37, 1.22)
(-0.16, 0.34, 1.24)
(-0.15, 0.29, 1.16)
(-0.17, 0.28, 1.25)
(-0.18, 0.25, 1.27)
(-0.18, 0.21, 1.26)
(-0.18, 0.2, 1.27)
(-0.17, 0.18, 1.2)
(-0.19, 0.2, 1.33)
(-0.18, 0.19, 1.27)
(-0.17, 0.22, 1.27)
(-0.17, 0.26, 1.27)
(-0.15, 0.31, 1.22)
(-0.14, 0.35, 1.18)
(-0.15, 0.45, 1.31)
(-0.11, 0.47, 1.22)
(-0.11, 0.47, 1.22)
(-0.11, 0.49, 1.28)
(-0.1, 0.46, 1.22)
(-0.14, 0.49, 1.31)
(-0.69, 0.5, 1.22)
(-0.74, 0.53, 1.29)
(-0.72, 0.5, 1.21)
(-0.08, 0.56, 1.38)
(-0.11, 0.49, 1.21)
(-0.11, 0.48, 1.11)
(-0.11, 0.47, 1.05)
(-0.13, 0.44, 0.88)
