x   y   depth
(1.0484404296875, -4.13970263671875, 0.854890625)
(1.0485433349609374, -4.1397626953125, 0.8548556518554687)
(1.048579345703125, -4.139796875, 0.8548036499023437)
(1.04851416015625, -4.1397646484375, 0.85481982421875)
(1.0485557861328125, -4.1397705078125, 0.8548624877929687)
(1.0485233154296876, -4.1397529296875, 0.8548597412109376)
(1.0484725341796874, -4.13972509765625, 0.8548572387695312)
(1.048556884765625, -4.13977099609375, 0.8548225708007813)
(1.0484921875, -4.139751953125, 0.8549005737304688)
(1.04640234375, -4.108427734375, 0.8554194946289062)
(1.048470703125, -4.13973681640625, 0.854883544921875)
(1.0484620361328125, -4.139734375, 0.8548569946289063)
(1.04850244140625, -4.1397490234375, 0.8548668212890626)
(1.048524658203125, -4.13976513671875, 0.8548884887695313)
(1.0484290771484375, -4.1397060546875, 0.854901123046875)
(1.04847314453125, -4.13972412109375, 0.8548904418945312)
(1.0485157470703126, -4.13975830078125, 0.8548731079101562)
(1.0484010009765625, -4.13970947265625, 0.854896728515625)
(1.0484970703125, -4.13974853515625, 0.8548804931640624)
(1.0485093994140624, -4.1397548828125, 0.8548804321289063)
(1.0484871826171875, -4.1397451171875, 0.8549046630859375)
(1.0484989013671875, -4.13974169921875, 0.8549264526367187)
(1.04847216796875, -4.13973828125, 0.8548833618164062)
(1.0484749755859375, -4.139736328125, 0.8548905639648438)
(1.0484290771484375, -4.139720703125, 0.85490966796875)
(1.0484964599609374, -4.13975, 0.8548812866210938)
(1.0462691650390625, -4.067634033203125, 0.8573975830078125)
(1.0463695068359375, -4.108162109375, 0.8554495239257812)
(1.046391357421875, -4.10843798828125, 0.85545947265625)
(1.04642626953125, -4.10848876953125, 0.8554144287109375)
(1.04639892578125, -4.108474609375, 0.8554091796875)
(1.046328857421875, -4.10838037109375, 0.855474365234375)
(1.0466373291015625, -4.108599609375, 0.8554278564453125)
(1.0484366455078125, -4.1395927734375, 0.85484375)
(1.0484747314453124, -4.1397548828125, 0.8548948364257812)
(1.0484222412109374, -4.13970458984375, 0.8548847045898438)
(1.0485245361328126, -4.1397890625, 0.8548306884765625)
(1.048450927734375, -4.13968798828125, 0.8550335693359375)
(1.048496337890625, -4.13977294921875, 0.8548845825195313)
(1.048433837890625, -4.13976416015625, 0.8548273315429687)
(1.0484805908203125, -4.13975146484375, 0.854875244140625)
(1.0485113525390626, -4.139779296875, 0.8548854370117187)
(1.0484512939453126, -4.13975048828125, 0.8548951416015625)
(1.0484921875, -4.13976611328125, 0.8548881225585937)
(1.0485106201171874, -4.1397978515625, 0.854855224609375)
(1.0484473876953124, -4.13975927734375, 0.8548668823242187)
(1.048455078125, -4.13973974609375, 0.85490576171875)
(1.048478759765625, -4.13975, 0.8548887329101562)
(1.0484805908203125, -4.13975, 0.8548812255859375)
(1.0484581298828124, -4.1397431640625, 0.8548633422851563)
(1.0484971923828126, -4.1397666015625, 0.85487939453125)
(1.0484974365234374, -4.139775390625, 0.8548782348632813)
(1.048463134765625, -4.13975439453125, 0.8549021606445313)
(1.0484783935546875, -4.1397548828125, 0.8549053344726563)
(1.048477783203125, -4.1397646484375, 0.8548903198242187)
(1.04854736328125, -4.13981201171875, 0.8548840942382813)
(1.048455810546875, -4.13975244140625, 0.8549124145507813)
(1.0484344482421875, -4.1397568359375, 0.8549099731445312)
(1.0484000244140625, -4.13972314453125, 0.8549081420898438)
(1.0484256591796874, -4.1397412109375, 0.8549078369140625)
(1.0484520263671875, -4.1397568359375, 0.8549046020507812)
(1.0484508056640625, -4.13976513671875, 0.8549080810546875)
(1.048464111328125, -4.13976953125, 0.8548904418945312)
(1.0484993896484376, -4.139791015625, 0.8549976196289063)
(1.04832568359375, -4.1397431640625, 0.8553804931640625)
(1.05528515625, -4.094979736328125, 0.8644381713867187)
(1.04523876953125, -4.125099609375, 0.8685935668945313)
(1.046421142578125, -4.1149873046875, 0.8633297119140625)
(1.04843896484375, -4.139599609375, 0.8549778442382813)
(1.04839111328125, -4.139724609375, 0.8549132080078125)
(1.048385498046875, -4.13972607421875, 0.8549435424804688)
(1.048489990234375, -4.13978955078125, 0.8548872680664062)
(1.048415283203125, -4.1397373046875, 0.8549111328125)
(1.0483680419921875, -4.13969287109375, 0.854936279296875)
(1.048489990234375, -4.1397578125, 0.8548931884765625)
(1.048486572265625, -4.1397802734375, 0.8549089965820312)
(1.0484635009765626, -4.13976953125, 0.8549078979492187)
(1.0484381103515625, -4.139748046875, 0.8549291381835937)
(1.0485087890625, -4.13979345703125, 0.8548814697265625)
(1.0484996337890624, -4.1397724609375, 0.8549038696289063)
(1.0484876708984374, -4.1397373046875, 0.8549427490234375)
